           1     1.37947     1.37947           0
           2     1.38055     1.38001 0.000380423
           3     1.36407      1.3747  0.00434627
           4     1.34963     1.36843   0.0063303
           5     1.39627       1.374  0.00710247
           6     1.33808     1.36801   0.0080561
           7     1.36746     1.36793  0.00690561
           8      1.3079     1.36043  0.00926221
           9       1.328     1.35682  0.00890651
          10     1.35574     1.35672  0.00801652
          11     1.34658     1.35579  0.00734051
          12     1.33534     1.35409   0.0069238
          13     1.39339     1.35711  0.00702028
          14     1.35329     1.35684  0.00652414
          15     1.40112     1.35979  0.00672407
          16     1.33341     1.35814  0.00650282
          17     1.40205     1.36073  0.00661338
          18       1.364     1.36091  0.00624846
          19     1.37926     1.36187  0.00599382
          20     1.34364     1.36096  0.00576305
           1     1.37603     1.37603           0
           2     1.38192     1.37898  0.00208172
           3      1.3708     1.37625  0.00262345
           4     1.33942     1.36704   0.0082138
           5     1.41823     1.37728    0.011271
           6     1.32786     1.36904   0.0120309
           7        1.37     1.36918    0.010313
           8     1.29759     1.36023   0.0123087
           9     1.32961     1.35683   0.0114017
          10     1.35723     1.35687   0.0102616
          11     1.34757     1.35602  0.00936345
          12     1.34845     1.35539  0.00860439
          13     1.38031     1.35731  0.00815324
          14     1.34797     1.35664   0.0075981
          15     1.39616     1.35928  0.00753438
          16     1.34083     1.35812  0.00715112
          17     1.40064     1.36062  0.00715452
          18      1.3634     1.36078   0.0067587
          19     1.37292     1.36142  0.00643314
          20     1.35585     1.36114   0.0061175
           1     1.34433     1.34433           0
           2     1.37356     1.35895   0.0103365
           3     1.36084     1.35958  0.00691016
           4     1.31809      1.3492   0.0103696
           5     1.37545     1.35445   0.0095322
           6      1.3181      1.3484  0.00967915
           7     1.35679     1.34959  0.00837033
           8     1.29992     1.34339  0.00934763
           9     1.30912     1.33958  0.00905137
          10     1.36682      1.3423  0.00854648
          11     1.32758     1.34096  0.00787357
          12      1.3528     1.34195  0.00727891
          13     1.35784     1.34317  0.00682085
          14     1.32444     1.34183  0.00646356
          15     1.36385      1.3433  0.00619702
          16     1.32702     1.34228  0.00589271
          17     1.39076     1.34514  0.00619762
          18     1.33812     1.34475  0.00586555
          19     1.36763     1.34595  0.00567918
          20     1.33185     1.34525  0.00543879
