           1   -0.463858   -0.463858           0
           2    -0.46239   -0.463124 0.000518818
           3   -0.460533    -0.46226 0.000785516
           4   -0.458718   -0.461375 0.000967016
           5   -0.462459   -0.461592 0.000797553
           6   -0.464725   -0.462114 0.000817941
           7   -0.462837   -0.462217 0.000707583
           8   -0.463814   -0.462417 0.000646667
           9   -0.464673   -0.462667  0.00062152
          10   -0.464544   -0.462855 0.000587007
          11   -0.461769   -0.462756 0.000541885
          12   -0.462157   -0.462706 0.000499021
          13   -0.462879    -0.46272 0.000460811
          14    -0.46247   -0.462702 0.000428241
          15    -0.46302   -0.462723 0.000400217
          16   -0.462901   -0.462734 0.000375358
          17   -0.463205   -0.462762 0.000354299
          18   -0.463339   -0.462794 0.000336063
          19   -0.464582   -0.462888 0.000331293
          20    -0.45992    -0.46274 0.000346367
           1   -0.463908   -0.463908           0
           2   -0.462349   -0.463128  0.00055143
           3   -0.460314    -0.46219 0.000849691
           4   -0.459413   -0.461496  0.00087622
           5   -0.462059   -0.461608  0.00070817
           6   -0.465016   -0.462176 0.000785543
           7   -0.462948   -0.462287 0.000681006
           8   -0.463357    -0.46242 0.000608888
           9   -0.464207   -0.462619 0.000572681
          10   -0.464962   -0.462853 0.000561321
          11   -0.461741   -0.462752 0.000519314
          12   -0.462698   -0.462748 0.000476057
          13   -0.462062   -0.462695 0.000442346
          14   -0.462838   -0.462705 0.000410869
          15   -0.462868   -0.462716  0.00038362
          16   -0.462851   -0.462724 0.000359737
          17   -0.463011   -0.462741 0.000338969
          18   -0.463512   -0.462784 0.000322833
          19   -0.464491   -0.462874 0.000318097
          20   -0.459889   -0.462725 0.000335379
           1   -0.462744   -0.462744           0
           2    -0.46148   -0.462112 0.000446891
           3   -0.460024   -0.461416 0.000641642
           4   -0.458912    -0.46079 0.000724908
           5   -0.460048   -0.460642 0.000594922
           6   -0.464064   -0.461212 0.000718969
           7   -0.462392   -0.461381 0.000635714
           8   -0.461856    -0.46144 0.000559021
           9    -0.46252    -0.46156 0.000509624
          10   -0.464128   -0.461817 0.000519348
          11   -0.461544   -0.461792 0.000472726
          12   -0.462808   -0.461877 0.000440849
          13   -0.461736   -0.461866  0.00040707
          14   -0.462144   -0.461886 0.000378479
          15   -0.461304   -0.461847 0.000355228
          16   -0.462104   -0.461863 0.000333389
          17   -0.461664   -0.461851 0.000313984
          18   -0.462312   -0.461877 0.000297581
          19   -0.463592   -0.461967 0.000295293
          20   -0.459704   -0.461854 0.000301431
