           1    0.205258    0.205258           0
           2    0.202701     0.20398 0.000904226
           3    0.201277    0.203079 0.000950996
           4    0.200302    0.202385 0.000932842
           5    0.201617    0.202231 0.000758803
           6    0.194835    0.200998  0.00129081
           7    0.191617    0.199658  0.00166247
           8    0.198445    0.199506  0.00146156
           9    0.194156    0.198912  0.00141489
          10    0.193634    0.198384   0.0013683
          11    0.198286    0.198375  0.00124394
          12    0.200204    0.198528  0.00114957
          13    0.200363    0.198669  0.00106978
          14    0.189404    0.198007  0.00118043
          15    0.201467    0.198238  0.00112405
          16    0.201842    0.198463  0.00107613
          17    0.200913    0.198607  0.00102243
          18    0.199255    0.198643 0.000966267
          19    0.199123    0.198669 0.000915741
          20    0.198293     0.19865 0.000870146
           1    0.204946    0.204946           0
           2    0.202592    0.203769 0.000832193
           3    0.202284    0.203274 0.000686486
           4    0.198676    0.202124   0.0011208
           5    0.202657    0.202231 0.000901687
           6    0.194203    0.200893  0.00143402
           7    0.192557    0.199702  0.00165119
           8    0.198585    0.199563  0.00145068
           9    0.193688     0.19891  0.00142881
          10    0.193843    0.198403  0.00137284
          11    0.198345    0.198398  0.00124805
          12    0.200058    0.198536  0.00115169
          13    0.199667    0.198623  0.00106637
          14    0.190569    0.198048  0.00113481
          15    0.200262    0.198195  0.00106871
          16    0.202212    0.198446  0.00103098
          17    0.200929    0.198592 0.000980623
          18    0.199427    0.198639 0.000927239
          19     0.19933    0.198675 0.000879152
          20    0.198147    0.198649 0.000835591
           1    0.200918    0.200918           0
           2    0.202225    0.201571 0.000462002
           3    0.200468    0.201203 0.000430147
           4    0.198425    0.200509  0.00068257
           5     0.20152    0.200711 0.000575229
           6    0.193018    0.199429  0.00126489
           7    0.191836    0.198344  0.00147778
           8    0.196253    0.198083  0.00131597
           9    0.195365    0.197781  0.00120391
          10    0.192051    0.197208  0.00121223
          11     0.19843    0.197319  0.00110711
          12    0.199649    0.197513  0.00103174
          13    0.199894    0.197696   0.0009685
          14    0.189679    0.197124  0.00105515
          15    0.200415    0.197343  0.00100736
          16    0.201309    0.197591 0.000974412
          17    0.199013    0.197675 0.000920679
          18    0.199353    0.197768 0.000874241
          19    0.198619    0.197813 0.000829374
          20    0.198451    0.197845 0.000788519
