           1    0.037688    0.037688           0
           2    0.022316    0.030002  0.00543482
           3    0.028236   0.0294133  0.00365496
           4     0.03672     0.03124  0.00316493
           5    0.036948   0.0323816  0.00273008
           6     0.01906   0.0301613  0.00304695
           7    0.016244   0.0281731  0.00319516
           8    0.036688   0.0292375  0.00296775
           9     0.02246   0.0284844  0.00273187
          10    0.021988   0.0278348  0.00253475
          11    0.017244    0.026872  0.00248045
          12    0.017472   0.0260887  0.00239424
          13    0.019944    0.025616  0.00225624
          14    0.032296   0.0260931  0.00214494
          15    0.044612   0.0273277  0.00233032
          16     0.02346    0.027086  0.00219717
          17     0.03546   0.0275786  0.00212243
          18    0.033748   0.0279213    0.002032
          19    0.034712   0.0282787  0.00195623
          20    0.026024    0.028166  0.00186167
           1    0.037816    0.037816           0
           2    0.023032    0.030424  0.00522693
           3    0.025292   0.0287133  0.00375413
           4    0.037832    0.030993  0.00343879
           5    0.038536   0.0325016  0.00306413
           6    0.019208    0.030286  0.00325742
           7    0.017384   0.0284429  0.00327224
           8     0.03506     0.02927  0.00296591
           9    0.021552   0.0284124  0.00275755
          10    0.022924   0.0278636  0.00253583
          11    0.017868   0.0269549  0.00246273
          12    0.016908   0.0261177   0.0023956
          13     0.01992   0.0256409  0.00225826
          14    0.032724   0.0261469  0.00215288
          15     0.04338   0.0272957  0.00229553
          16    0.024952   0.0271492  0.00215673
          17    0.034932   0.0276071  0.00207788
          18     0.03202   0.0278522  0.00197685
          19    0.034956   0.0282261  0.00190784
          20     0.02806   0.0282178  0.00181246
           1    0.006104    0.006104           0
           2    -0.00454    0.000782  0.00376322
           3    -0.00242-0.000285333  0.00265587
           4      0.0103    0.002361  0.00303644
           5     0.00914   0.0037168  0.00271502
           6   -0.005192    0.002232  0.00263746
           7   -0.010836 0.000365143  0.00284569
           8    0.007104   0.0012075  0.00261168
           9   -0.008796     9.6e-05  0.00254705
          10    -0.00368  -0.0002816  0.00232017
          11   -0.007952-0.000978909  0.00221155
          12   -0.008996   -0.001647  0.00212577
          13    -0.00644 -0.00201569  0.00199397
          14    0.004256 -0.00156771   0.0019012
          15    0.016712-0.000349067   0.0021295
          16   -0.000336 -0.00034825  0.00199641
          17    0.009684 0.000241882  0.00196426
          18    0.004856 0.000498222  0.00187178
          19    0.005368 0.000754526  0.00179073
          20    0.001604    0.000797   0.0017017
