1   137.326   161.936
2   135.157   146.943
3   128.991   143.009
4   128.991   139.702
5   126.434   137.849
6   123.275   136.209
7   119.166   133.059
8   118.018   129.087
9   115.215   124.722
10   106.071   121.472
11   104.994   119.697
12   104.151   116.62
13   102.126   113.154
14   94.777   110.182
15   94.777   106.461
16   94.777   104.86
17   92.6125   102.695
18   89.4478   100.728
19   86.7128   98.6392
20   86.7128   96.5683
21   85.906   93.0681
22   83.7136   90.4817
23   81.598   88.0984
24   74.2961   87.1586
25   74.2961   86.2579
26   74.2961   85.0617
27   72.8493   81.4004
28   72.6744   75.2511
29   72.6744   74.2649
30   72.6744   74.2345
31   72.1912   74.1779
32   72.1912   74.0018
33   70.1864   73.8514
34   70.9463   73.733
35   71.2276   73.5388
36   69.88   73.2512
37   65.1177   72.8374
38   65.1177   72.3708
39   65.1177   72.0758
40   64.814   71.4003
41   60.9959   70.1181
42   60.9959   67.593
43   60.0903   64.6206
44   60.0903   63.5815
45   59.3742   62.4863
46   59.3742   61.0734
47   59.3742   60.9156
48   59.3742   60.8224
49   59.3742   60.6853
50   58.6544   60.5033
51   58.6544   60.2164
52   58.6544   59.8123
53   58.6544   59.4219
54   57.0327   59.3206
55   57.0327   59.2682
56   56.9334   59.2202
57   55.0308   59.1889
58   55.0308   59.0983
59   55.0308   58.9359
60   51.6234   58.6454
61   51.6234   58.2131
62   51.6234   57.6046
63   51.2819   56.3183
64   51.2819   54.9271
65   50.7178   52.842
66   50.7178   51.7639
67   50.7178   51.6021
68   51.27   51.6013
69   51.27   51.5925
70   48.7453   51.5731
71   48.7453   51.5191
72   48.7453   51.4564
73   48.7453   51.3335
74   48.7453   51.0941
75   47.4217   50.6151
76   47.4217   50.0788
77   47.4217   49.5053
78   44.3416   48.7811
79   42.4555   48.5167
80   42.4555   48.2695
81   42.2346   47.6486
82   41.8812   46.3268
83   39.2755   44.7964
84   39.2755   43.0685
85   39.2755   42.2636
86   39.2755   42.0457
87   39.2755   41.6716
88   39.2755   41.3571
89   39.1025   40.5589
90   39.1025   39.7031
91   38.934   39.2709
92   38.934   39.2675
93   38.934   39.2596
94   37.7145   39.2422
95   37.7145   39.2391
96   37.7145   39.2129
97   37.7145   39.2157
98   37.7145   39.1665
99   37.7145   39.1075
100   37.7145   39.1041
101   37.7145   39.073
102   37.7145   39.0539
103   37.7145   39.0195
104   37.7145   38.9345
105   37.373   38.8095
106   37.373   38.67
107   37.373   38.5518
108   36.0289   38.4081
109   36.0289   38.2759
110   36.0289   38.0511
111   36.0289   37.7586
112   36.0289   37.4782
113   35.5268   37.3534
114   35.5268   36.9373
115   35.5268   36.841
116   35.5268   36.5725
117   35.5268   36.3223
118   35.5002   36.1503
119   35.421   35.928
120   35.421   35.9081
121   35.421   35.8539
122   35.421   35.7781
123   35.5002   35.7088
124   35.3539   35.6655
125   35.0716   35.6017
126   35.0716   35.5452
127   35.0716   35.5208
128   35.0716   35.5165
129   35.0716   35.5069
130   35.0716   35.5074
131   34.9981   35.5005
132   34.9981   35.4924
133   34.9981   35.4772
134   34.9981   35.455
135   34.9981   35.4272
136   34.9981   35.3896
137   34.9981   35.3926
138   34.8987   35.3368
139   34.8987   35.2929
140   34.5429   35.2648
141   34.5429   35.1636
142   34.5429   35.0507
143   34.5429   35.012
144   34.5429   34.9953
145   34.5429   34.958
146   34.5429   34.9248
147   34.1422   34.8629
148   34.5429   34.8007
149   34.4637   34.7036
150   34.4637   34.6473
151   34.3175   34.6096
152   34.2884   34.5648
153   34.2884   34.5498
154   34.2884   34.5388
155   34.1422   34.5392
156   34.1422   34.5336
157   34.1422   34.5215
158   34.1422   34.5178
159   34.1422   34.5142
160   34.1422   34.5023
161   34.1422   34.4994
162   34.1422   34.4891
163   34.1422   34.4719
164   34.1422   34.4329
165   34.1422   34.388
166   34.1422   34.3482
167   34.1422   34.3183
168   34.1422   34.3064
169   34.1422   34.2759
170   34.1422   34.2469
171   34.1422   34.2445
172   33.8877   34.2302
173   34.1422   34.2325
174   34.1422   34.2317
175   34.1422   34.2153
176   33.8877   34.1986
177   33.8877   34.1785
178   33.8877   34.1713
179   33.8877   34.1558
180   33.8877   34.1542
181   33.8877   34.1406
182   33.8877   34.1249
183   33.8877   34.1219
184   33.8877   34.1157
185   33.8877   34.1015
186   33.8877   34.0903
187   33.8877   34.0821
188   33.8877   34.0608
189   33.8877   34.0445
190   33.8877   34.0058
191   33.8877   33.9905
192   33.8877   33.9865
193   33.8877   33.9722
194   33.8877   33.9508
195   33.8877   33.9127
196   33.8877   33.8877
197   33.8877   33.8877
198   33.8877   33.8877
199   33.8877   33.8877
200   33.8877   33.8877
201   33.8877   33.8877
202   33.8877   33.8877
203   33.8877   33.8877
204   33.8877   33.8877
205   33.8877   33.8877
206   33.8877   33.8877
207   33.8877   33.8877
208   33.8877   33.8877
209   33.8877   33.8877
210   33.8877   33.8877
211   33.8877   33.8877
212   33.8877   33.8877
213   33.8877   33.8877
214   33.8877   33.8877
215   33.8877   33.8877
216   33.8877   33.8877
217   33.8877   33.8877
218   33.8877   33.8877
219   33.8877   33.8877
220   33.8877   33.8877
221   33.8877   33.8877
222   33.8877   33.8877
223   33.8877   33.8877
224   33.8877   33.8877
225   33.8877   33.8877
226   33.8877   33.8877
227   33.8877   33.8877
228   33.8877   33.8877
229   33.8877   33.8877
230   33.8877   33.8877
231   33.8877   33.8877
232   33.8877   33.8877
233   33.8877   33.8877
234   33.8877   33.8877
235   33.8877   33.8877
236   33.8877   33.8877
237   33.8877   33.8877
238   33.8877   33.8877
239   33.8877   33.8877
240   33.8877   33.8877
241   33.8877   33.8877
242   33.8877   33.8877
243   33.8877   33.8877
244   33.8877   33.8877
245   33.8877   33.8877
246   33.8877   33.8877
247   33.8877   33.8877
248   33.8877   33.8877
249   33.8877   33.8877
250   33.8877   33.8877
251   33.8877   33.8877
252   33.8877   33.8877
253   33.8877   33.8877
254   33.8877   33.8877
255   33.8877   33.8877
256   33.8877   33.8877
257   33.8877   33.8877
258   33.8877   33.8877
259   33.8877   33.8877
260   33.8877   33.8877
261   33.8877   33.8877
262   33.8877   33.8877
263   33.8877   33.8877
264   33.8877   33.8877
265   33.8877   33.8877
266   33.8877   33.8877
267   33.8877   33.8877
268   33.8877   33.8877
269   33.8877   33.8877
270   33.8877   33.8877
271   33.8877   33.8877
272   33.8877   33.8877
273   33.8877   33.8877
274   33.8877   33.8877
275   33.8877   33.8877
276   33.8877   33.8877
277   33.8877   33.8877
278   33.8877   33.8877
279   33.8877   33.8877
280   33.8877   33.8877
281   33.8877   33.8877
282   33.8877   33.8877
283   33.8877   33.8877
284   33.8877   33.8877
285   33.8877   33.8877
286   33.8877   33.8877
287   33.8877   33.8877
288   33.8877   33.8877
289   33.8877   33.8877
290   33.8877   33.8877
291   33.8877   33.8877
292   33.8877   33.8877
293   33.8877   33.8877
294   33.8877   33.8877
295   33.8877   33.8877
296   33.8877   33.8877
297   33.8877   33.8877
298   33.8877   33.8877
299   33.8877   33.8877
300   33.8877   33.8877
301   33.8877   33.8877
302   33.8877   33.8877
303   33.8877   33.8877
304   33.8877   33.8877
305   33.8877   33.8877
306   33.8877   33.8877
307   33.8877   33.8877
308   33.8877   33.8877
309   33.8877   33.8877
310   33.8877   33.8877
311   33.8877   33.8877
312   33.8877   33.8877
313   33.8877   33.8877
314   33.8877   33.8877
315   33.8877   33.8877
316   33.8877   33.8877
317   33.8877   33.8877
318   33.8877   33.8877
319   33.8877   33.8877
320   33.8877   33.8877
321   33.8877   33.8877
322   33.8877   33.8877
323   33.8877   33.8877
324   33.8877   33.8877
325   33.8877   33.8877
326   33.8877   33.8877
327   33.8877   33.8877
328   33.8877   33.8877
329   33.8877   33.8877
330   33.8877   33.8877
331   33.8877   33.8877
332   33.8877   33.8877
333   33.8877   33.8877
334   33.8877   33.8877
335   33.8877   33.8877
336   33.8877   33.8877
337   33.8877   33.8877
338   33.8877   33.8877
339   33.8877   33.8877
340   33.8877   33.8877
341   33.8877   33.8877
342   33.8877   33.8877
343   33.8877   33.8877
344   33.8877   33.8877
345   33.8877   33.8877
346   33.8877   33.8877
347   33.8877   33.8877
348   33.8877   33.8877
349   33.8877   33.8877
350   33.8877   33.8877
351   33.8877   33.8877
352   33.8877   33.8877
353   33.8877   33.8877
354   33.8877   33.8877
355   33.8877   33.8877
356   33.8877   33.8877
357   33.8877   33.8877
358   33.8877   33.8877
359   33.8877   33.8877
360   33.8877   33.8877
361   33.8877   33.8877
362   33.8877   33.8877
363   33.8877   33.8877
364   33.8877   33.8877
365   33.8877   33.8877
366   33.8877   33.8877
367   33.8877   33.8877
368   33.8877   33.8877
369   33.8877   33.8877
370   33.8877   33.8877
371   33.8877   33.8877
372   33.8877   33.8877
373   33.8877   33.8877
374   33.8877   33.8877
375   33.8877   33.8877
376   33.8877   33.8877
377   33.8877   33.8877
378   33.8877   33.8877
379   33.8877   33.8877
380   33.8877   33.8877
381   33.8877   33.8877
382   33.8877   33.8877
383   33.8877   33.8877
384   33.8877   33.8877
385   33.8877   33.8877
386   33.8877   33.8877
387   33.8877   33.8877
388   33.8877   33.8877
389   33.8877   33.8877
390   33.8877   33.8877
391   33.8877   33.8877
392   33.8877   33.8877
393   33.8877   33.8877
394   33.8877   33.8877
395   33.8877   33.8877
396   33.8877   33.8877
397   33.8877   33.8877
398   33.8877   33.8877
399   33.8877   33.8877
400   33.8877   33.8877
401   33.8877   33.8877
402   33.8877   33.8877
403   33.8877   33.8877
404   33.8877   33.8877
405   33.8877   33.8877
406   33.8877   33.8877
407   33.8877   33.8877
408   33.8877   33.8877
409   33.8877   33.8877
410   33.8877   33.8877
411   33.8877   33.8877
412   33.8877   33.8877
413   33.8877   33.8877
414   33.8877   33.8877
415   33.8877   33.8877
416   33.8877   33.8877
417   33.8877   33.8877
418   33.8877   33.8877
419   33.8877   33.8877
420   33.8877   33.8877
421   33.8877   33.8877
422   33.8877   33.8877
423   33.8877   33.8877
424   33.8877   33.8877
425   33.8877   33.8877
426   33.8877   33.8877
427   33.8877   33.8877
428   33.8877   33.8877
429   33.8877   33.8877
430   33.8877   33.8877
431   33.8877   33.8877
432   33.8877   33.8877
433   33.8877   33.8877
434   33.8877   33.8877
435   33.8877   33.8877
436   33.8877   33.8877
437   33.8877   33.8877
438   33.8877   33.8877
439   33.8877   33.8877
440   33.8877   33.8877
441   33.8877   33.8877
442   33.8877   33.8877
443   33.8877   33.8877
444   33.8877   33.8877
445   33.8877   33.8877
446   33.8877   33.8877
447   33.8877   33.8877
448   33.8877   33.8877
449   33.8877   33.8877
450   33.8877   33.8877
451   33.8877   33.8877
452   33.8877   33.8877
453   33.8877   33.8877
454   33.8877   33.8877
455   33.8877   33.8877
456   33.8877   33.8877
457   33.8877   33.8877
458   33.8877   33.8877
459   33.8877   33.8877
460   33.8877   33.8877
461   33.8877   33.8877
462   33.8877   33.8877
463   33.8877   33.8877
464   33.8877   33.8877
465   33.8877   33.8877
466   33.8877   33.8877
467   33.8877   33.8877
468   33.8877   33.8877
469   33.8877   33.8877
470   33.8877   33.8877
471   33.8877   33.8877
472   33.8877   33.8877
473   33.8877   33.8877
474   33.8877   33.8877
475   33.8877   33.8877
476   33.8877   33.8877
477   33.8877   33.8877
478   33.8877   33.8877
479   33.8877   33.8877
480   33.8877   33.8877
481   33.8877   33.8877
482   33.8877   33.8877
483   33.8877   33.8877
484   33.8877   33.8877
485   33.8877   33.8877
486   33.8877   33.8877
487   33.8877   33.8877
488   33.8877   33.8877
489   33.8877   33.8877
490   33.8877   33.8877
491   33.8877   33.8877
492   33.8877   33.8877
493   33.8877   33.8877
494   33.8877   33.8877
495   33.8877   33.8877
496   33.8877   33.8877
497   33.8877   33.8877
498   33.8877   33.8877
499   33.8877   33.8877
500   33.8877   33.8877
501   33.8877   33.8877
502   33.8877   33.8877
503   33.8877   33.8877
504   33.8877   33.8877
505   33.8877   33.8877
506   33.8877   33.8877
507   33.8877   33.8877
508   33.8877   33.8877
509   33.8877   33.8877
510   33.8877   33.8877
511   33.8877   33.8877
512   33.8877   33.8877
513   33.8877   33.8877
514   33.8877   33.8877
515   33.8877   33.8877
516   33.8877   33.8877
517   33.8877   33.8877
518   33.8877   33.8877
519   33.8877   33.8877
520   33.8877   33.8877
521   33.8877   33.8877
522   33.8877   33.8877
523   33.8877   33.8877
524   33.8877   33.8877
525   33.8877   33.8877
526   33.8877   33.8877
527   33.8877   33.8877
528   33.8877   33.8877
529   33.8877   33.8877
530   33.8877   33.8877
531   33.8877   33.8877
532   33.8877   33.8877
533   33.8877   33.8877
534   33.8877   33.8877
535   33.8877   33.8877
536   33.8877   33.8877
537   33.8877   33.8877
538   33.8877   33.8877
539   33.8877   33.8877
540   33.8877   33.8877
541   33.8877   33.8877
542   33.8877   33.8877
543   33.8877   33.8877
544   33.8877   33.8877
545   33.8877   33.8877
546   33.8877   33.8877
547   33.8877   33.8877
548   33.8877   33.8877
549   33.8877   33.8877
550   33.8877   33.8877
551   33.8877   33.8877
552   33.8877   33.8877
553   33.8877   33.8877
554   33.8877   33.8877
555   33.8877   33.8877
556   33.8877   33.8877
557   33.8877   33.8877
558   33.8877   33.8877
559   33.8877   33.8877
560   33.8877   33.8877
561   33.8877   33.8877
562   33.8877   33.8877
563   33.8877   33.8877
564   33.8877   33.8877
565   33.8877   33.8877
566   33.8877   33.8877
567   33.8877   33.8877
568   33.8877   33.8877
569   33.8877   33.8877
570   33.8877   33.8877
571   33.8877   33.8877
572   33.8877   33.8877
573   33.8877   33.8877
574   33.8877   33.8877
575   33.8877   33.8877
576   33.8877   33.8877
577   33.8877   33.8877
578   33.8877   33.8877
579   33.8877   33.8877
580   33.8877   33.8877
581   33.8877   33.8877
582   33.8877   33.8877
583   33.8877   33.8877
584   33.8877   33.8877
585   33.8877   33.8877
586   33.8877   33.8877
587   33.8877   33.8877
588   33.8877   33.8877
589   33.8877   33.8877
590   33.8877   33.8877
591   33.8877   33.8877
592   33.8877   33.8877
593   33.8877   33.8877
594   33.8877   33.8877
595   33.8877   33.8877
596   33.8877   33.8877
597   33.8877   33.8877
598   33.8877   33.8877
599   33.8877   33.8877
600   33.8877   33.8877
601   33.8877   33.8877
602   33.8877   33.8877
603   33.8877   33.8877
604   33.8877   33.8877
605   33.8877   33.8877
606   33.8877   33.8877
607   33.8877   33.8877
608   33.8877   33.8877
609   33.8877   33.8877
610   33.8877   33.8877
611   33.8877   33.8877
612   33.8877   33.8877
613   33.8877   33.8877
614   33.8877   33.8877
615   33.8877   33.8877
616   33.8877   33.8877
617   33.8877   33.8877
618   33.8877   33.8877
619   33.8877   33.8877
620   33.8877   33.8877
621   33.8877   33.8877
622   33.8877   33.8877
623   33.8877   33.8877
624   33.8877   33.8877
625   33.8877   33.8877
626   33.8877   33.8877
627   33.8877   33.8877
628   33.8877   33.8877
629   33.8877   33.8877
630   33.8877   33.8877
631   33.8877   33.8877
632   33.8877   33.8877
633   33.8877   33.8877
634   33.8877   33.8877
635   33.8877   33.8877
636   33.8877   33.8877
637   33.8877   33.8877
638   33.8877   33.8877
639   33.8877   33.8877
640   33.8877   33.8877
641   33.8877   33.8877
642   33.8877   33.8877
643   33.8877   33.8877
644   33.8877   33.8877
645   33.8877   33.8877
646   33.8877   33.8877
647   33.8877   33.8877
648   33.8877   33.8877
649   33.8877   33.8877
650   33.8877   33.8877
651   33.8877   33.8877
652   33.8877   33.8877
653   33.8877   33.8877
654   33.8877   33.8877
655   33.8877   33.8877
656   33.8877   33.8877
657   33.8877   33.8877
658   33.8877   33.8877
659   33.8877   33.8877
660   33.8877   33.8877
661   33.8877   33.8877
662   33.8877   33.8877
663   33.8877   33.8877
664   33.8877   33.8877
665   33.8877   33.8877
666   33.8877   33.8877
667   33.8877   33.8877
668   33.8877   33.8877
669   33.8877   33.8877
670   33.8877   33.8877
671   33.8877   33.8877
672   33.8877   33.8877
673   33.8877   33.8877
674   33.8877   33.8877
675   33.8877   33.8877
676   33.8877   33.8877
677   33.8877   33.8877
678   33.8877   33.8877
679   33.8877   33.8877
680   33.8877   33.8877
681   33.8877   33.8877
682   33.8877   33.8877
683   33.8877   33.8877
684   33.8877   33.8877
685   33.8877   33.8877
686   33.8877   33.8877
687   33.8877   33.8877
688   33.8877   33.8877
689   33.8877   33.8877
690   33.8877   33.8877
691   33.8877   33.8877
692   33.8877   33.8877
693   33.8877   33.8877
694   33.8877   33.8877
695   33.8877   33.8877
696   33.8877   33.8877
697   33.8877   33.8877
698   33.8877   33.8877
699   33.8877   33.8877
700   33.8877   33.8877
701   33.8877   33.8877
702   33.8877   33.8877
703   33.8877   33.8877
704   33.8877   33.8877
705   33.8877   33.8877
706   33.8877   33.8877
707   33.8877   33.8877
708   33.8877   33.8877
709   33.8877   33.8877
710   33.8877   33.8877
711   33.8877   33.8877
712   33.8877   33.8877
713   33.8877   33.8877
714   33.8877   33.8877
715   33.8877   33.8877
716   33.8877   33.8877
717   33.8877   33.8877
718   33.8877   33.8877
719   33.8877   33.8877
720   33.8877   33.8877
721   33.8877   33.8877
722   33.8877   33.8877
723   33.8877   33.8877
724   33.8877   33.8877
725   33.8877   33.8877
726   33.8877   33.8877
727   33.8877   33.8877
728   33.8877   33.8877
729   33.8877   33.8877
730   33.8877   33.8877
731   33.8877   33.8877
732   33.8877   33.8877
733   33.8877   33.8877
734   33.8877   33.8877
735   33.8877   33.8877
736   33.8877   33.8877
737   33.8877   33.8877
738   33.8877   33.8877
739   33.8877   33.8877
740   33.8877   33.8877
741   33.8877   33.8877
742   33.8877   33.8877
743   33.8877   33.8877
744   33.8877   33.8877
745   33.8877   33.8877
746   33.8877   33.8877
747   33.8877   33.8877
748   33.8877   33.8877
749   33.8877   33.8877
750   33.8877   33.8877
751   33.8877   33.8877
752   33.8877   33.8877
753   33.8877   33.8877
754   33.8877   33.8877
755   33.8877   33.8877
756   33.8877   33.8877
757   33.8877   33.8877
758   33.8877   33.8877
759   33.8877   33.8877
760   33.8877   33.8877
761   33.8877   33.8877
762   33.8877   33.8877
763   33.8877   33.8877
764   33.8877   33.8877
765   33.8877   33.8877
766   33.8877   33.8877
767   33.8877   33.8877
768   33.8877   33.8877
769   33.8877   33.8877
770   33.8877   33.8877
771   33.8877   33.8877
772   33.8877   33.8877
773   33.8877   33.8877
774   33.8877   33.8877
775   33.8877   33.8877
776   33.8877   33.8877
777   33.8877   33.8877
778   33.8877   33.8877
779   33.8877   33.8877
780   33.8877   33.8877
781   33.8877   33.8877
782   33.8877   33.8877
783   33.8877   33.8877
784   33.8877   33.8877
785   33.8877   33.8877
786   33.8877   33.8877
787   33.8877   33.8877
788   33.8877   33.8877
789   33.8877   33.8877
790   33.8877   33.8877
791   33.8877   33.8877
792   33.8877   33.8877
793   33.8877   33.8877
794   33.8877   33.8877
795   33.8877   33.8877
796   33.8877   33.8877
797   33.8877   33.8877
798   33.8877   33.8877
799   33.8877   33.8877
800   33.8877   33.8877
801   33.8877   33.8877
802   33.8877   33.8877
803   33.8877   33.8877
804   33.8877   33.8877
805   33.8877   33.8877
806   33.8877   33.8877
807   33.8877   33.8877
808   33.8877   33.8877
809   33.8877   33.8877
810   33.8877   33.8877
811   33.8877   33.8877
812   33.8877   33.8877
813   33.8877   33.8877
814   33.8877   33.8877
815   33.8877   33.8877
816   33.8877   33.8877
817   33.8877   33.8877
818   33.8877   33.8877
819   33.8877   33.8877
820   33.8877   33.8877
821   33.8877   33.8877
822   33.8877   33.8877
823   33.8877   33.8877
824   33.8877   33.8877
825   33.8877   33.8877
826   33.8877   33.8877
827   33.8877   33.8877
828   33.8877   33.8877
829   33.8877   33.8877
830   33.8877   33.8877
831   33.8877   33.8877
832   33.8877   33.8877
833   33.8877   33.8877
834   33.8877   33.8877
835   33.8877   33.8877
836   33.8877   33.8877
837   33.8877   33.8877
838   33.8877   33.8877
839   33.8877   33.8877
840   33.8877   33.8877
841   33.8877   33.8877
842   33.8877   33.8877
843   33.8877   33.8877
844   33.8877   33.8877
845   33.8877   33.8877
846   33.8877   33.8877
847   33.8877   33.8877
848   33.8877   33.8877
849   33.8877   33.8877
850   33.8877   33.8877
851   33.8877   33.8877
852   33.8877   33.8877
853   33.8877   33.8877
854   33.8877   33.8877
855   33.8877   33.8877
856   33.8877   33.8877
857   33.8877   33.8877
858   33.8877   33.8877
859   33.8877   33.8877
860   33.8877   33.8877
861   33.8877   33.8877
862   33.8877   33.8877
863   33.8877   33.8877
864   33.8877   33.8877
865   33.8877   33.8877
866   33.8877   33.8877
867   33.8877   33.8877
868   33.8877   33.8877
869   33.8877   33.8877
870   33.8877   33.8877
871   33.8877   33.8877
872   33.8877   33.8877
873   33.8877   33.8877
874   33.8877   33.8877
875   33.8877   33.8877
876   33.8877   33.8877
877   33.8877   33.8877
878   33.8877   33.8877
879   33.8877   33.8877
880   33.8877   33.8877
881   33.8877   33.8877
882   33.8877   33.8877
883   33.8877   33.8877
884   33.8877   33.8877
885   33.8877   33.8877
886   33.8877   33.8877
887   33.8877   33.8877
888   33.8877   33.8877
889   33.8877   33.8877
890   33.8877   33.8877
891   33.8877   33.8877
892   33.8877   33.8877
893   33.8877   33.8877
894   33.8877   33.8877
895   33.8877   33.8877
896   33.8877   33.8877
897   33.8877   33.8877
898   33.8877   33.8877
899   33.8877   33.8877
900   33.8877   33.8877
901   33.8877   33.8877
902   33.8877   33.8877
903   33.8877   33.8877
904   33.8877   33.8877
905   33.8877   33.8877
906   33.8877   33.8877
907   33.8877   33.8877
908   33.8877   33.8877
909   33.8877   33.8877
910   33.8877   33.8877
911   33.8877   33.8877
912   33.8877   33.8877
913   33.8877   33.8877
914   33.8877   33.8877
915   33.8877   33.8877
916   33.8877   33.8877
917   33.8877   33.8877
918   33.8877   33.8877
919   33.8877   33.8877
920   33.8877   33.8877
921   33.8877   33.8877
922   33.8877   33.8877
923   33.8877   33.8877
924   33.8877   33.8877
925   33.8877   33.8877
926   33.8877   33.8877
927   33.8877   33.8877
928   33.8877   33.8877
929   33.8877   33.8877
930   33.8877   33.8877
931   33.8877   33.8877
932   33.8877   33.8877
933   33.8877   33.8877
934   33.8877   33.8877
935   33.8877   33.8877
936   33.8877   33.8877
937   33.8877   33.8877
938   33.8877   33.8877
939   33.8877   33.8877
940   33.8877   33.8877
941   33.8877   33.8877
942   33.8877   33.8877
943   33.8877   33.8877
944   33.8877   33.8877
945   33.8877   33.8877
946   33.8877   33.8877
947   33.8877   33.8877
948   33.8877   33.8877
949   33.8877   33.8877
950   33.8877   33.8877
951   33.8877   33.8877
952   33.8877   33.8877
953   33.8877   33.8877
954   33.8877   33.8877
955   33.8877   33.8877
956   33.8877   33.8877
957   33.8877   33.8877
958   33.8877   33.8877
959   33.8877   33.8877
960   33.8877   33.8877
961   33.8877   33.8877
962   33.8877   33.8877
963   33.8877   33.8877
964   33.8877   33.8877
965   33.8877   33.8877
966   33.8877   33.8877
967   33.8877   33.8877
968   33.8877   33.8877
969   33.8877   33.8877
970   33.8877   33.8877
971   33.8877   33.8877
972   33.8877   33.8877
973   33.8877   33.8877
974   33.8877   33.8877
975   33.8877   33.8877
976   33.8877   33.8877
977   33.8877   33.8877
978   33.8877   33.8877
979   33.8877   33.8877
980   33.8877   33.8877
981   33.8877   33.8877
982   33.8877   33.8877
983   33.8877   33.8877
984   33.8877   33.8877
985   33.8877   33.8877
986   33.8877   33.8877
987   33.8877   33.8877
988   33.8877   33.8877
989   33.8877   33.8877
990   33.8877   33.8877
991   33.8877   33.8877
992   33.8877   33.8877
993   33.8877   33.8877
994   33.8877   33.8877
995   33.8877   33.8877
996   33.8877   33.8877
997   33.8877   33.8877
998   33.8877   33.8877
999   33.8877   33.8877
1000   33.8877   33.8877
