         100   -0.334824    -0.44054  0.00586079
         200   -0.449084   -0.441363  0.00430585
         300   -0.451638   -0.440904  0.00325689
         400   -0.555637   -0.441954   0.0028801
         500   -0.405108   -0.442293  0.00287275
         600   -0.467392   -0.442517  0.00259692
         700   -0.472902   -0.442817  0.00237378
         800    -0.37647   -0.442804  0.00248916
         900   -0.460141   -0.443155  0.00228497
        1000   -0.469686     -0.4433  0.00211742
        1100   -0.427652   -0.443066  0.00199227
        1200     -0.4217   -0.443023  0.00187744
        1300   -0.383453   -0.442143  0.00181176
        1400   -0.492104    -0.44146  0.00184588
        1500   -0.509646   -0.441164  0.00177801
        1600   -0.399129   -0.441517  0.00170745
        1700   -0.407355   -0.441538  0.00166933
        1800   -0.450018    -0.44224  0.00159773
        1900   -0.488244   -0.442348  0.00154869
        2000   -0.440532   -0.442446  0.00149504
        2100   -0.458994   -0.442459  0.00146696
        2200   -0.427473   -0.441935  0.00143558
        2300   -0.440514   -0.441921  0.00139699
        2400   -0.457204   -0.442349  0.00136562
        2500   -0.534595   -0.442497  0.00133355
        2600    -0.41248   -0.442202   0.0013039
        2700   -0.411819    -0.44232  0.00128549
        2800   -0.511892   -0.442448  0.00125787
        2900   -0.456777   -0.442525   0.0012335
        3000    -0.48674   -0.442459  0.00121865
        3100   -0.489365   -0.442562  0.00120047
        3200   -0.403291   -0.442678  0.00117702
        3300   -0.499945   -0.442762  0.00115203
        3400   -0.478174   -0.442831  0.00112773
        3500   -0.364198   -0.442689  0.00110603
        3600   -0.405703   -0.442898  0.00108328
        3700   -0.450142   -0.442907  0.00106455
        3800    -0.38346   -0.442643  0.00106302
        3900   -0.454611    -0.44273  0.00104668
        4000  -0.0590623   -0.442417  0.00104763
        4100   -0.440174    -0.44247  0.00103329
        4200   -0.449411   -0.442485  0.00102462
        4300   -0.491044   -0.442568  0.00101015
        4400   -0.389686   -0.442453  0.00100366
        4500    -0.49724   -0.442441 0.000988269
        4600     -0.4555   -0.442314 0.000975805
        4700   -0.267005   -0.442138 0.000966014
        4800   -0.407212   -0.442047 0.000955517
        4900   -0.380558   -0.442146 0.000947091
        5000   -0.492954   -0.442056 0.000940623
        5100   -0.430596   -0.442047 0.000936446
        5200   -0.500384   -0.441837 0.000923332
        5300    -0.40973   -0.441553 0.000919721
        5400   -0.481876   -0.441653 0.000908477
        5500   -0.436515   -0.441713 0.000897885
        5600   -0.412667   -0.441667 0.000891254
        5700   -0.369134   -0.441633  0.00088896
        5800   -0.498131   -0.441602 0.000880535
        5900   -0.455534   -0.441569 0.000871259
        6000   -0.518391   -0.441433 0.000865142
        6100    -0.46179    -0.44133 0.000855254
        6200   -0.406741   -0.441368   0.0008516
        6300   -0.440656   -0.441484 0.000842596
        6400   -0.436311   -0.441548 0.000836636
        6500   -0.459047   -0.441449 0.000836351
        6600   -0.335073   -0.441549 0.000830571
        6700   -0.481777   -0.441713  0.00082181
        6800    -0.49548   -0.441768 0.000814506
        6900     -0.4908   -0.441918 0.000806224
        7000   -0.529432   -0.441953 0.000798241
        7100   -0.510986   -0.441987 0.000795267
        7200   -0.255481   -0.441972 0.000789533
        7300    -0.44659   -0.441996  0.00078369
        7400    -0.43441   -0.441979 0.000778273
        7500   -0.416372   -0.442098 0.000770928
        7600   -0.407737   -0.442158 0.000765215
        7700   -0.431404   -0.442036 0.000763891
        7800   -0.421695   -0.441963 0.000761321
        7900   -0.460169   -0.441925 0.000757422
        8000   -0.449878    -0.44187 0.000751102
        8100    -0.46253   -0.441934 0.000745659
        8200   -0.406733   -0.442007 0.000739508
        8300   -0.523393   -0.442074 0.000735127
        8400   -0.336627   -0.441945  0.00073137
        8500   -0.460392   -0.442003 0.000725207
        8600    -0.44249   -0.442074  0.00071963
        8700   -0.358421   -0.442193 0.000715867
        8800   -0.420218   -0.442226 0.000711077
        8900   -0.446779   -0.442133 0.000705586
        9000   -0.445106   -0.442143 0.000700862
        9100   -0.482304   -0.442251 0.000695691
        9200   -0.447572   -0.442283 0.000691351
        9300   -0.515099   -0.442311 0.000688023
        9400   -0.434418    -0.44234 0.000683178
        9500   -0.457758   -0.442413 0.000678446
        9600   -0.453974   -0.442435 0.000674849
        9700   -0.459076   -0.442457 0.000670913
        9800   -0.507971   -0.442461  0.00066636
        9900   -0.443628   -0.442326  0.00066613
       10000   -0.405323   -0.442268 0.000667914
