200   4.95789   0
400   4.67051   0.287379
600   4.89942   0.282713
800   4.83501   0.21003
1000   4.91712   0.182235
1200   4.9872   0.164474
1400   5.25651   0.303068
1600   5.13256   0.290262
1800   5.0122   0.28287
2000   4.98416   0.254556
2200   4.85703   0.263019
2400   4.89509   0.243101
2600   4.89009   0.223677
2800   4.82308   0.217657
3000   4.79227   0.204957
3200   4.73008   0.201554
3400   4.72535   0.189386
3600   4.74052   0.179199
3800   4.7555   0.170166
4000   4.75776   0.161449
4200   4.87387   0.192523
4400   4.87788   0.183608
4600   4.87772   0.175443
4800   4.8608   0.168824
5000   4.85871   0.161944
5200   4.84434   0.156253
5400   4.86071   0.151243
5600   4.83669   0.147707
5800   4.83713   0.142523
6000   4.82234   0.138483
6200   4.81236   0.134312
6400   4.82942   0.131161
6600   4.80901   0.128753
6800   4.8113   0.12493
7000   4.8013   0.12172
7200   4.80834   0.118499
7400   4.81933   0.115775
7600   4.82585   0.112876
7800   4.82331   0.109973
8000   4.8179   0.107325
8200   4.79765   0.106615
8400   4.80133   0.104111
8600   4.84457   0.110475
8800   4.83131   0.108746
9000   4.81781   0.107155
9200   4.81533   0.104829
9400   4.82065   0.102712
9600   4.80911   0.10121
9800   4.79568   0.100029
10000   4.80165   0.0981901
10200   4.80068   0.0962504
10400   4.80287   0.0944065
10600   4.8178   0.0938044
10800   4.84052   0.094813
11000   4.83297   0.0933791
11200   4.8376   0.0918132
11400   4.84818   0.090807
11600   4.85672   0.0896358
11800   4.84373   0.0890566
12000   4.83934   0.0876697
12200   4.83903   0.0862211
12400   4.83288   0.085041
12600   4.82855   0.0837923
12800   4.81991   0.0829242
13000   4.85778   0.0899926
13200   4.86397   0.0888349
13400   4.86151   0.0875337
13600   4.85089   0.0868882
13800   4.84272   0.086009
14000   4.86009   0.0865335
14200   4.86188   0.0853246
14400   4.8554   0.0843801
14600   4.86611   0.083903
14800   4.86092   0.0829241
15000   4.85356   0.0821412
15200   4.86842   0.0824038
15400   4.86525   0.0813886
15600   4.87158   0.0805879
15800   4.87919   0.0799236
16000   4.89163   0.0798928
16200   4.90145   0.0795098
16400   4.89834   0.0785959
16600   4.89579   0.077685
16800   4.89394   0.0767769
17000   4.89108   0.0759221
17200   4.92518   0.0824198
17400   4.93205   0.081756
17600   4.93286   0.0808257
17800   4.92912   0.0800001
18000   4.92668   0.0791438
18200   4.92966   0.0783259
18400   4.92566   0.0775727
18600   4.92071   0.076894
18800   4.91114   0.0766704
19000   4.9047   0.0761323
19200   4.89599   0.0758367
19400   4.89658   0.0750531
19600   4.88957   0.0746138
19800   4.8909   0.0738682
20000   4.88561   0.0733169
20200   4.88396   0.0726062
20400   4.87928   0.0720427
20600   4.88265   0.0714193
20800   4.87817   0.0708708
21000   4.87216   0.0704496
21200   4.87576   0.0698747
21400   4.8754   0.0692196
21600   4.87788   0.0686203
21800   4.87719   0.0679913
22000   4.88076   0.0674649
22200   4.87476   0.0671231
22400   4.87184   0.0665849
22600   4.87379   0.0660216
22800   4.87417   0.0654411
23000   4.87492   0.0648738
23200   4.87304   0.0643395
23400   4.86971   0.063874
23600   4.86775   0.0633608
23800   4.8753   0.063278
24000   4.869   0.0630642
24200   4.87027   0.0625539
24400   4.88076   0.0629186
24600   4.87569   0.0626101
24800   4.8802   0.0622663
25000   4.87727   0.0618354
25200   4.87716   0.0613428
25400   4.88583   0.0614722
25600   4.87894   0.061378
25800   4.88393   0.0611039
26000   4.87862   0.0608639
26200   4.87843   0.0603978
26400   4.88016   0.0599635
26600   4.88287   0.0595725
26800   4.8868   0.059257
27000   4.89419   0.0592784
27200   4.89491   0.0588452
27400   4.90447   0.0591925
27600   4.90017   0.0589198
27800   4.90174   0.0585155
28000   4.90392   0.058137
28200   4.90088   0.0578034
28400   4.91063   0.0582171
28600   4.91287   0.0578519
28800   4.90677   0.0577714
29000   4.90508   0.0573963
29200   4.90793   0.0570731
29400   4.90486   0.0567665
29600   4.89839   0.0567524
29800   4.8977   0.0563744
30000   4.89724   0.0559992
30200   4.90153   0.0557925
30400   4.90051   0.0554336
30600   4.90477   0.0552348
30800   4.90944   0.0550731
31000   4.90951   0.0547167
31200   4.91292   0.0544722
31400   4.91634   0.0542316
31600   4.91623   0.0538873
31800   4.911   0.0538018
32000   4.9065   0.053654
32200   4.91878   0.054716
32400   4.91798   0.054383
32600   4.92261   0.0542458
32800   4.91885   0.054045
33000   4.91787   0.0537254
33200   4.92307   0.0536539
33400   4.92574   0.0533985
33600   4.92465   0.0530909
33800   4.93306   0.0534417
34000   4.92914   0.0532706
34200   4.9268   0.0530101
34400   4.92777   0.0527099
34600   4.93314   0.0526787
34800   4.94355   0.0534003
35000   4.94929   0.0534035
35200   4.95574   0.0534896
35400   4.96468   0.0539321
35600   4.95919   0.0539082
35800   4.95736   0.0536377
36000   4.95262   0.0535487
36200   4.9516   0.0532618
36400   4.95493   0.053073
36600   4.95995   0.0530212
36800   4.95821   0.0527611
37000   4.95774   0.0524773
37200   4.95329   0.0523832
37400   4.94916   0.0522661
37600   4.95621   0.0524629
37800   4.9568   0.0521879
38000   4.96128   0.0521056
38200   4.96367   0.0518869
38400   4.96396   0.0516168
38600   4.96485   0.0513564
38800   4.96657   0.05112
39000   4.96671   0.0508573
39200   4.96568   0.0506077
39400   4.96338   0.0504024
39600   4.96229   0.050159
39800   4.96891   0.0503429
40000   4.96583   0.0501852
40200   4.9602   0.0502515
40400   4.95985   0.0500033
40600   4.96577   0.0501079
40800   4.97035   0.0500716
41000   4.97008   0.0498274
41200   4.96639   0.049722
41400   4.96515   0.0494968
41600   4.96573   0.0492617
41800   4.9608   0.0492724
42000   4.95706   0.04918
42200   4.95801   0.0489556
42400   4.9602   0.0487734
42600   4.96032   0.048544
42800   4.95857   0.0483483
43000   4.95839   0.0481233
43200   4.95321   0.0481794
43400   4.95736   0.048136
43600   4.95415   0.048022
43800   4.95532   0.0478165
44000   4.94993   0.0479025
44200   4.94911   0.0476922
44400   4.94827   0.0474843
44600   4.94932   0.0472825
44800   4.95526   0.047445
45000   4.95381   0.0472559
45200   4.95591   0.0470928
45400   4.95467   0.0469011
45600   4.95392   0.0467011
45800   4.9538   0.0464968
46000   4.95324   0.0462977
46200   4.95466   0.0461187
46400   4.95418   0.045922
46600   4.95349   0.0457296
46800   4.94954   0.0457055
47000   4.95372   0.0457023
47200   4.95022   0.0456427
47400   4.94807   0.0455004
47600   4.94733   0.0453148
47800   4.9507   0.0452506
48000   4.95163   0.0450711
48200   4.94818   0.0450161
48400   4.95006   0.0448691
48600   4.94552   0.0449138
48800   4.94081   0.0449768
49000   4.93785   0.0448902
49200   4.93806   0.0447078
49400   4.93874   0.0445316
49600   4.93899   0.0443524
49800   4.93694   0.0442216
50000   4.93418   0.0441304
50200   4.93665   0.0440233
50400   4.93979   0.043961
50600   4.93986   0.0437869
50800   4.9437   0.0437832
51000   4.94472   0.043623
51200   4.94144   0.0435759
51400   4.94161   0.0434063
51600   4.9445   0.0433344
51800   4.94299   0.0431931
52000   4.94367   0.0430319
52200   4.94115   0.0429409
52400   4.94714   0.043195
52600   4.94493   0.0430872
52800   4.94643   0.04295
53000   4.94793   0.042814
53200   4.94551   0.0427215
53400   4.94496   0.0425647
53600   4.94277   0.0424623
53800   4.94127   0.0423306
54000   4.93799   0.0423008
54200   4.93956   0.0421735
54400   4.94198   0.042088
54600   4.93891   0.0420456
54800   4.94045   0.04192
55000   4.94154   0.0417814
55200   4.94067   0.0416387
55400   4.94337   0.0415761
55600   4.94188   0.0414532
55800   4.94778   0.0417235
56000   4.95356   0.0419749
56200   4.95316   0.0418272
56400   4.95553   0.0417459
56600   4.95253   0.0417066
56800   4.95531   0.0416529
57000   4.95185   0.0416503
57200   4.95676   0.0417931
57400   4.95616   0.0416515
57600   4.95598   0.041507
57800   4.95703   0.0413766
58000   4.95385   0.0413557
58200   4.95392   0.0412134
58400   4.95517   0.0410911
58600   4.95763   0.0410248
58800   4.9589   0.0409046
59000   4.95871   0.0407662
59200   4.95751   0.040646
59400   4.95727   0.0405096
59600   4.95745   0.0403738
59800   4.95879   0.040261
60000   4.95465   0.0403399
60200   4.95587   0.0402242
60400   4.95888   0.0402035
60600   4.95666   0.040132
60800   4.95637   0.0400008
61000   4.95574   0.0398745
61200   4.95772   0.0397931
61400   4.95911   0.0396879
61600   4.95671   0.0396315
61800   4.95644   0.039504
62000   4.95566   0.0393842
62200   4.9598   0.0394754
62400   4.95748   0.0394168
62600   4.95795   0.0392935
62800   4.9584   0.0391707
63000   4.96334   0.0393578
63200   4.96171   0.0392669
63400   4.96335   0.039177
63600   4.96437   0.039067
63800   4.9623   0.0389992
64000   4.96629   0.0390812
64200   4.96735   0.0389737
64400   4.96924   0.0388982
64600   4.96844   0.0387858
64800   4.96559   0.0387706
65000   4.96759   0.0387028
65200   4.96907   0.0386121
65400   4.969   0.0384939
65600   4.97008   0.0383918
65800   4.96722   0.0383821
66000   4.96769   0.0382685
66200   4.96677   0.038164
66400   4.96958   0.0381529
66600   4.96826   0.0380611
66800   4.96751   0.0379543
67000   4.96833   0.0378497
67200   4.96651   0.0377808
67400   4.96684   0.0376699
67600   4.96425   0.0376476
67800   4.96675   0.0376193
68000   4.96497   0.0375505
68200   4.96744   0.0375212
68400   4.96475   0.0375074
68600   4.96713   0.0374733
68800   4.96697   0.0373646
69000   4.96718   0.0372567
69200   4.96479   0.0372258
69400   4.96282   0.0371704
69600   4.96586   0.0371877
69800   4.96481   0.0370959
70000   4.965   0.0369903
70200   4.96493   0.0368848
70400   4.96378   0.036798
70600   4.96583   0.0367509
70800   4.96279   0.0367723
71000   4.96317   0.0366704
71200   4.96308   0.0365674
71400   4.96438   0.036488
71600   4.96436   0.036386
71800   4.96459   0.0362852
72000   4.96234   0.0362544
72200   4.95961   0.0362567
72400   4.95864   0.0361694
72600   4.95998   0.0360946
72800   4.96198   0.0360505
73000   4.96037   0.0359874
73200   4.96043   0.035889
73400   4.95895   0.0358219
73600   4.95987   0.0357363
73800   4.96174   0.0356882
74000   4.9612   0.0355956
74200   4.96058   0.0355049
74400   4.96521   0.03571
74600   4.96594   0.0356215
74800   4.96987   0.0357433
75000   4.9686   0.0356705
75200   4.96879   0.0355761
75400   4.97282   0.0357097
75600   4.97131   0.0356473
75800   4.97157   0.035554
76000   4.96991   0.0354989
76200   4.97368   0.0356056
76400   4.97263   0.0355277
76600   4.97239   0.0354357
76800   4.97045   0.0353964
77000   4.96889   0.0353387
77200   4.96946   0.0352517
77400   4.96796   0.0351924
77600   4.96648   0.0351328
77800   4.96523   0.0350648
78000   4.96429   0.0349874
78200   4.96305   0.0349196
78400   4.96048   0.0349252
78600   4.95893   0.0348709
78800   4.96032   0.0348101
79000   4.95934   0.0347358
79200   4.95853   0.0346573
79400   4.9604   0.0346207
79600   4.96129   0.0345451
79800   4.96127   0.0344584
80000   4.96145   0.0343726
80200   4.96236   0.0342988
80400   4.9627   0.034215
80600   4.96192   0.0341387
80800   4.96241   0.0340576
81000   4.96464   0.0340464
81200   4.96664   0.0340212
81400   4.96508   0.0339732
81600   4.96582   0.0338979
81800   4.96599   0.0338153
82000   4.96706   0.0337498
82200   4.9673   0.0336685
82400   4.96462   0.0336933
82600   4.96323   0.0336403
82800   4.96009   0.0337057
83000   4.95819   0.0336781
83200   4.95888   0.0336043
83400   4.95856   0.0335252
83600   4.96139   0.0335641
83800   4.9612   0.0334844
84000   4.96242   0.033427
84200   4.96435   0.0334029
84400   4.96378   0.0333286
84600   4.96398   0.0332504
84800   4.96325   0.0331798
85000   4.9651   0.0331531
85200   4.96481   0.0330765
85400   4.96425   0.0330037
85600   4.96611   0.0329792
85800   4.96675   0.0329084
86000   4.96464   0.0328991
86200   4.96335   0.0328484
86400   4.96399   0.0327787
86600   4.96391   0.032703
86800   4.9613   0.0327319
87000   4.96014   0.0326771
87200   4.95993   0.0326027
87400   4.96034   0.0325306
87600   4.9611   0.0324649
87800   4.96277   0.0324342
88000   4.96392   0.0323806
88200   4.96408   0.0323076
88400   4.96346   0.0322404
88600   4.96111   0.0322533
88800   4.96146   0.0321825
89000   4.96064   0.0321203
89200   4.96008   0.0320531
89400   4.96002   0.0319814
89600   4.96042   0.0319125
89800   4.96217   0.0318897
90000   4.96399   0.0318703
90200   4.9625   0.0318344
90400   4.96206   0.031767
90600   4.96214   0.0316969
90800   4.9634   0.0316519
91000   4.96373   0.031584
91200   4.96403   0.0315161
91400   4.96229   0.0314953
91600   4.96177   0.0314308
91800   4.96146   0.0313638
92000   4.9636   0.0313688
92200   4.96325   0.0313027
92400   4.96356   0.0312365
92600   4.96375   0.0311695
92800   4.96358   0.0311027
93000   4.965   0.0310684
93200   4.96479   0.0310024
93400   4.96717   0.0310273
93600   4.96738   0.0309616
93800   4.96852   0.0309166
94000   4.96721   0.0308787
94200   4.96558   0.0308563
94400   4.96554   0.0307909
94600   4.96441   0.0307463
94800   4.96318   0.0307062
95000   4.96343   0.0306426
95200   4.96315   0.0305794
95400   4.96169   0.03055
95600   4.96481   0.0306444
95800   4.96608   0.030607
96000   4.96441   0.0305891
96200   4.96511   0.0305335
96400   4.96462   0.0304739
96600   4.96665   0.0304785
96800   4.96631   0.0304174
97000   4.96676   0.030358
97200   4.96787   0.0303158
97400   4.96716   0.0302619
97600   4.97074   0.0304111
97800   4.96925   0.0303855
98000   4.96854   0.0303318
98200   4.96924   0.0302782
98400   4.96797   0.0302431
98600   4.97106   0.0303388
98800   4.97027   0.0302875
99000   4.9713   0.0302439
99200   4.97031   0.0301992
99400   4.96905   0.0301648
99600   4.96883   0.030105
99800   4.96774   0.0300644
100000   4.9696   0.0300622
